SKU,X,Y,Z,Length,Width,Height,Rotated
704757,10,10,0,510,270,200,False
704757,520,10,0,510,270,200,False
764501,10,280,0,450,270,220,False
764501,460,280,0,450,270,220,False
764501,10,550,0,450,270,220,False
764501,460,550,0,450,270,220,False
764501,910,280,0,270,450,220,True
708263,10,820,0,310,140,180,False
764501,20,20,220,450,270,220,False
722105,470,20,220,450,270,220,False
722105,20,290,220,450,270,220,False
722105,470,290,220,450,270,220,False
722105,20,560,220,450,270,220,False
722105,470,560,220,450,270,220,False
722105,920,290,220,270,450,220,True
722105,30,30,440,450,270,220,False
722105,480,30,440,450,270,220,False
704768,30,300,440,450,270,220,False
704768,480,300,440,450,270,220,False
704768,30,570,440,450,270,220,False
704768,480,570,440,450,270,220,False
704768,930,300,440,270,450,220,True
704768,40,40,660,450,270,220,False
704768,490,40,660,450,270,220,False
704768,40,310,660,450,270,220,False
761269,490,310,660,320,240,230,False
761269,40,580,660,320,240,230,False
761269,810,310,660,320,240,230,False
761269,490,550,660,320,240,230,False
761269,810,550,660,320,240,230,False
761269,50,50,890,320,240,230,False
761269,370,50,890,320,240,230,False
761661,50,290,890,310,240,230,False
761661,690,50,890,310,240,230,False
761661,360,290,890,310,240,230,False
762075,50,530,890,310,230,230,False
762075,670,290,890,310,230,230,False
762075,360,530,890,310,230,230,False
762075,50,760,890,310,230,230,False
762075,670,520,890,310,230,230,False
762075,360,760,890,310,230,230,False
762075,670,750,890,310,230,230,False
704801,980,290,890,200,390,210,True
704945,60,60,1120,370,230,190,False
704945,430,60,1120,370,230,190,False
704945,60,290,1120,370,230,190,False
704945,800,60,1120,370,230,190,False
704945,430,290,1120,370,230,190,False
708186,800,290,1120,400,190,180,False

ExecutionTime,0.000 seconds
FillRate,66.90%
